1	2.361111111	2.694444444
2	2.909090909	9.522727273
3	2.818181818	16.81818182
4	9.403846154	12.67307692
5	13.5	8.285714286
6	12.75	3
7	7.285714286	3.857142857
8	16.66666667	10.28571429
9	14.48148148	17.11111111
10	9.137931034	21.5
11	2.653846154	25.11538462
12	2.755555556	32.73333333
13	2.352941176	39.32352941
14	2.24137931	45.24137931
15	6.354166667	50.35416667
16	8.363636364	55.45454545
17	10	54
18	10	56
19	11	55
20	11	54
21	11	56
22	10	53
23	10.84615385	60
24	3.711538462	59.71153846
25	2.235294118	65.82352941
26	2.382352941	72.32352941
27	2.936170213	79.0212766
28	2.87755102	86.30612245
29	2.804878049	93.26829268
30	8.727272727	96.45454545
31	9.081081081	89.54054054
32	13.14893617	83.76595745
33	11.38235294	77.14705882
34	8.811320755	70.39622642
35	10.02857143	65.02857143
36	16.10416667	70.83333333
37	17.61111111	63.75
38	22.85294118	60.38235294
39	26.2	63.5
40	27	66
41	28	65
42	26	66
43	30	62.29166667
44	29	65
45	30	66
46	31	65
47	29	66
48	31	66
49	30	67
50	34	66.29166667
51	32.2	69.4
52	30	69
53	31	68
54	29.21052632	71.36842105
55	28	69
56	29	68
57	28	68
58	30	68
59	27	69
60	29	67
61	27	68
62	23.42222222	69.66666667
63	22.3125	65.75
64	28	67
65	28	66
66	31	67
67	28.11627907	56.62790698
68	25.86956522	49.84782609
69	19.35294118	48.47058824
70	12.83333333	45.89583333
71	6.714285714	43.5
72	8	41
73	9	42
74	6.714285714	40
75	8	39
76	9	40
77	9	39
78	9	41
79	8	38
80	10	40
81	7.210526316	36.15789474
82	10	38
83	12	35.29166667
84	11	38
85	12	39
86	14.35294118	39.52941176
87	11	40
88	12	41
89	11	39
90	11	41
91	12	42
92	10	39
93	10	41
94	11	42
95	10	42
96	17.1875	42.1875
97	18.94736842	36.07894737
98	17.39622642	29.18867925
99	18.40816327	22.06122449
100	21.69767442	16.13953488
101	26.14893617	22.23404255
102	24.55263158	29.07894737
103	30.82857143	27
104	29.97435897	33.41025641
105	34.09230769	39.90769231
106	38.8	46.075
107	32.875	50.35416667
108	34.725	57.075
109	39.24242424	52.39393939
110	41.14285714	58.21428571
111	39.68888889	64.24444444
112	37.58333333	71
113	36.8	76.92
114	30.84615385	76.79487179
115	30.5	82.5
116	28	84
117	29	85
118	26	81.29166667
119	25	84
120	26	85
121	27	84
122	25	85
123	27	85
124	23.33333333	83.66666667
125	22	83
126	23	82
127	22	82
128	21.33333333	83.66666667
129	20	83
130	21	82
131	20	82
132	19.33333333	83.66666667
133	17.71428571	82
134	19	81
135	20	81
136	19	80
137	16.75	78.25
138	20	79
139	21.125	75.8125
140	21	80
141	22	79
142	20	80
143	22	80
144	21	81
145	23	79
146	22	81
147	23	80
148	23	81
149	29.5	75.35714286
150	35.4516129	83.41935484
151	38.36538462	89.42307692
152	36.88679245	96.30188679
153	30.96	91.4
154	26.34375	94.625
155	19.76	94.76
156	15.975	89.65
157	22.11111111	87.48148148
158	25	86
159	25	88
160	26	87
161	26	86
162	26	88
163	26.2	89.93333333
164	27	87
165	28	88
166	28	87
167	27	86
168	29	88
169	28	86
170	29	87
171	30.63636364	87.09090909
172	28	85
173	32.14285714	92.10714286
174	20.43396226	97.1509434
175	5.842105263	91.89473684
176	9.225806452	77.77419355
177	16.61764706	59.26470588
178	16.8	53.08
179	13	53
180	14	52
181	14	54
182	13	52
183	13	54
184	12	53
185	12.85714286	50.71428571
186	11	52
187	10.5	50.5
188	11	53
189	12	54
190	12	55
191	13	55
192	12	56
193	1.909090909	53.3030303
194	13.34375	45.96875
195	24.1884058	41.72463768
196	28.31034483	35.27586207
197	36.90909091	28.90909091
198	35.94736842	23.07894737
199	34.78947368	15.49122807
200	40.19047619	12.04761905
201	37	11
202	38	10
203	37	10
204	36	11
205	38	9
206	36	10
207	37	9
208	38.66666667	8.333333333
209	37	8
210	38	7
211	37	7
212	39.8	3.925
213	44.30555556	8.305555556
214	46.88372093	2.441860465
215	53.42424242	2.424242424
216	57.26	8.38
217	52.4137931	12.72413793
218	46.53488372	13.90697674
219	41.14285714	18.54761905
220	42.19047619	25.92857143
221	42.39393939	32.48484848
222	40.23404255	36.95744681
223	46.37142857	43.18571429
224	53.16216216	47.08108108
225	56.28571429	53.30612245
226	58.84615385	60
227	52	60.5
228	46.28301887	62.60377358
229	44	70.39130435
230	42.44117647	77
231	44.63333333	82.63333333
232	41.71111111	84.26666667
233	44	92.17391304
234	45.425	96.85
235	49.26829268	90.04878049
236	50.33333333	85.66666667
237	48.71428571	84
238	50	83
239	51	84
240	51	83
241	51	85
242	50	82
243	52	84
244	48.71428571	81
245	50.58333333	77
246	50.69047619	70.07142857
247	56.38636364	66.02272727
248	63.33333333	64.75
249	61.46428571	71.85714286
250	57.38235294	77.85294118
251	56.35294118	83.47058824
252	53	83
253	54	82
254	54	84
255	53	82
256	53	84
257	52	83
258	54	81
259	54	85
260	52	82
261	53	81
262	53	85
263	54	80
264	51	81
265	51	82
266	52	85
267	53	72.62857143
268	50.53333333	83.76666667
269	58	89.82857143
270	62.09090909	95.54545455
271	63.83333333	87.19444444
272	62.84210526	80.89473684
273	68.88888889	84.48148148
274	69.70491803	91.95081967
275	74.72413793	87.4137931
276	74.51785714	80.75
277	80.09677419	85.64516129
278	79.67647059	91.41176471
279	86.07142857	88.19047619
280	88.83783784	82.08108108
281	92.96	86.4
282	91.09375	91.78125
283	94.72413793	96.5862069
284	88.35135135	96.91891892
285	80.63829787	96.61702128
286	73.32432432	96.67567568
287	57.6	96.06
288	53.02702703	92.48648649
289	67.94871795	75.17948718
290	72.13513514	75.67567568
291	67.7037037	68.92592593
292	69.97826087	62.91304348
293	66.84615385	57.38461538
294	63.14583333	53.1875
295	68	48
296	71.71875	52.8125
297	74.60784314	57.96078431
298	75.63157895	64.78947368
299	80.4	62.28571429
300	81.69090909	54.87272727
301	76.70909091	48.67272727
302	79.61764706	42.14705882
303	75	37.24390244
304	74	29.42622951
305	71.36666667	22.63333333
306	67.29166667	18
307	71.75757576	14.36363636
308	77.075	10.2
309	73	4.41025641
310	67.5	4.5
311	64.26666667	2.333333333
312	58.45454545	2.045454545
313	52.22	11.22
314	47.48148148	20.11111111
315	46.36363636	23.63636364
316	48	26
317	49	25
318	46.71428571	27
319	48	28
320	49	27
321	49	26
322	49	28
323	48	29
324	50	27
325	47.15	30.85
326	50	29
327	50	28
328	51	30.8
329	51	28
330	52	29
331	52	28
332	51	27
333	54.35294118	27.47058824
334	52	26
335	51	26
336	52	25
337	50	26
338	51	25
339	54	23
340	53.63636364	18.90909091
341	50.5625	21.6875
342	55.32352941	32.44117647
343	49.84615385	36
344	51.44736842	39.10526316
345	58.2195122	43.02439024
346	58.75	36.96428571
347	61.59459459	31.16216216
348	65	30
349	65	32
350	66	31
351	66	30
352	66	32
353	65.84615385	26
354	59.76	20.76
355	60.23529412	14.85294118
356	64.3	16.3
357	64	13
358	65	14
359	65	13
360	64	12
361	66	14
362	62.83333333	10.83333333
363	64	10
364	65	11
365	65	10
366	65	12
367	63.83333333	7.944444444
368	66	11
369	67	10
370	68	8.2
371	68	11
372	71.10526316	9.736842105
373	79	4.448275862
374	84.05882353	8.68627451
375	87.72340426	2.723404255
376	92.04545455	9.068181818
377	93.90909091	3.090909091
378	97.35	7.116666667
379	94.95454545	17.06818182
380	88.3255814	15.06976744
381	82.90909091	17.90909091
382	77.33333333	17.02380952
383	76.31818182	22.02272727
384	83.95121951	23.3902439
385	81.07692308	28.61538462
386	87.67346939	29.55102041
387	82.16666667	34.5
388	84.98076923	39.57692308
389	89.90909091	44.09090909
390	84.73170732	46.95121951
391	86.34375	50.96875
392	91.2173913	56.2826087
393	89.28571429	62.85714286
394	85.2972973	61.40540541
395	79.57575758	68.42424242
396	75.50909091	71.01818182
397	80.53846154	77.88461538
398	84.31428571	73.34285714
399	85.625	68.54166667
400	90.93181818	72.95454545
401	94.39583333	78.70833333
402	97.2972973	85.27027027
403	96.63636364	91.36363636
404	88.64150943	88.67924528
405	89.78846154	73.30769231
406	97.35483871	68.22580645
407	95.98039216	61.21568627
408	96.80645161	53.16129032
409	93.975	47.925
410	97.2173913	42.7826087
411	92.67924528	37.58490566
412	91.2	32.63333333
413	93.2	24.8
414	89.04	20.4
415	82.85294118	7.735294118
416	73.95652174	1.304347826
417	67	12
418	66	12
419	68	12
420	67	13
421	66	13
422	68	13
423	67	14
424	68	14
425	61.97435897	23.8974359
426	61.13333333	33.8
427	65	33
428	66	35.8
429	66	33
430	67	34
431	67	33
432	68	34
433	67	32
434	68	33
435	69	35.8
436	69	33
437	70.90909091	33.81818182
438	68	32
439	69	31
440	68	31
441	69	30
442	67	31
443	68	30
444	67	30
445	73.84210526	34.57894737
446	65.90909091	39.90909091
447	63.22222222	42.33333333
448	63.02325581	46.97674419
449	56.425	56.625
450	46	54.15384615
451	46.62162162	50.13513514
452	30.66666667	46.64102564
453	21.30769231	54.80769231
454	14	56
455	13	56
456	24.14705882	68.20588235
457	69.34883721	48.04651163
458	93.25925926	47.33333333
459	97.21621622	62.18918919
460	97.31818182	31.81818182
461	98	23.52631579
462	69.9047619	13.92857143
463	35	9
464	36	8
465	35	8
466	35	10
467	34	9
468	36	7
469	34	8
470	34	10
471	35	7
472	35	11
473	34	7
474	34	11
475	30.5	7.5
476	25.21212121	10.54545455
477	22.58823529	5.205882353
478	20.69047619	1.857142857
479	29	2.810810811
480	33.85	4.725
481	29.17777778	17.02222222
482	16.14	26.92
483	8.717391304	28.65217391
